L—

-320 -

7777177777 gaudium 276, 6. visitatrix 883, 4.
77177711771111771Ν119μ2 96,2. 62,14. 7177777777 pugil 33, 11

140, 9. 147, 4. 197, 12. 229, 19. 77177771 2599

244, 2 283, 4 298, 5. 9099. 986,9 7577177777 663, 8.
vnio (V) personalis 992, 1 vinculatur 0117171177 298, 2. vivottlatt·
77717177 (91 199,15.141,1.142,1.10 principe 92, 15.

149,1. 19. 147, 2. 5. 448, 8. 622, 1. virnqo (91 prima (877719, 12.
universaliter 497, 9. 7179777717 98, 2. 181, 9. 807, 2.
7771711171177071641, 9. 71777(91467711155,4’.

77771777171711 168, 10. plebs 947, 11. virtualis 717171565, 1.
7777177717 11. 772, 2. 7177. 166, virtuosus lorus 19, 12

14199, 2. 294, 4. 618, 1. 7177777117 pietate 219, 9. 7777777777

7611177711250,7. 1171113312.

771777 carbonum 758, 9. visibiliter 4571

vave (V) consumunt ungulas 623,9. visitatrix 210, 12. 212, 6.

vastarunt virgines 882, 5. vitalia (vitam) tradidit 46, 21.
7777777177 ε.- Maria 902, 4. 77711777 (91 124, 16. 213, 8. 9728
venerantis 620, 10. 52, 4. 567,

ventremus 164, 15. dios venerari debet 7177117777 195, 9. 987, 9.

164, 5. 171 mator venerario 271, 9. volenter 597, 2
veraciter 831, 6. valveratriv 575, 3.
777517777168,15. 777707714910.
verbum (incarnatum, summum) i. e ydola (10.1890, 8

1611170711111171(917,12.41’,1.58,.9 ydolatria 979, 2. 704, 11. 896, 6. vio

175, 2. 176, 4. 182, 9. 194, 4. 196 1 latriam 412, 4 1 idolatria

210, 2. 290, 3. 233, 7. 248, 2 11 77111770111715911.

261, 2. 264, 9. 267, 9. 269, 9. 269 9 murum 611, 2 1. lyron·

, 29ἔ, 1. 313, ἓ 918, l. 324, 49599 17777777, 77777177 113, 7.195,97·.577

96 , 1. 979, . sopor.
versio (conversio) 392, l. 770717 (diabolo) instigante 559, 3
versutias (91540, 16. 771777 (91 795, 4. 744, 3.
viaticum (91 160, 2. relator 162, 9.

717157777177 (91 oves 452, 9. zelotes (ζηλωτὴς, 91 412, 5.
717177175177821,6.771777(17177,9158,7.
7171771771 699, 7. reuma nobile 772, 8
videri, nt v. possit genitor 7 nobis 7777771777 6071115648.
124, 10. 77717707 ύμη)1671177199,9. 77117191, 1.2

 

