-14..

&verzeiohnlss der nbrigon sequenzen

nach Jahrhunderten, soweie sich dies nach den Hamlschriflen und
Drucken bestimmten 13³3.

X. Jahrhundert.
Nr. 58. 192. 661. 668. 867.

XI. Jamhundm.

Nr. 9. 61. 64. 82. 131. 163. 172. 246. 249. 278? 417. 420. 503.
514. 532. 550. 630. 664. 665. 688. 693. 698. 869.

XII. Jahrhundm.

Nr. 7. 32⁶ 93. 141. 184. 202. 206. 230. 231. 236. 255. 261. 263.
264. 289. 334. 371. 408. 418. 419. 425. 426. 428. 435. 455.
490. 504. 505. 506. 522. 556. 585. 593. 597. 625. 631. 666.
667. 684. 701. 736. 748. 753. 754. 777. 813. 814. 850. 865.

XIII. Jahrhundert.

Nr. 70. 154. 155. 175. 197. 198. 228. 251. 266. 267. 268. 269.
270. 271. 281. 294. 295. 299. 303. 358. 388. 487. 507. 619.
686. 699. 715. 737. 764. 800. 815. 816.

XIV. Jahrhundert.

Nr. 1. 4. 517. 22. 49. 54. 56. 63. 71. 76. 80. 95. 132. 137.
144. 157. 170. 176. 182. 222. 233. 252. 256. 272. 273. 274.
275. 276. 277. 291. 310. 312. 313. 322. 336. 356. 359. 375.
396. 401. 407. 414. 416. 422. 445. 446. 440. 453. 456. 496.
549. 563. 567. 590. 591. 611. 612. 617. 620. 626. 632. 645.
652. 660.’ 690. 705. 706. 729. 744. 755. 760. 765. 767. 805.
808. 817. 818. 819. 821. 835. 836. 837. 838. 845. 873.

XV. ‹Iam-numm.

Nr. 6. 15. 32⁰ 33. 36. 37. 38. 39. 42. 45. 46. 48. 50. 57. 65.
66. 67. 74. 78. 118. 143. 146. 149. 152. 153. 159. 177. 185.
186.187. 193. 194. 200. 204. 205. 208. 210. 211. 213. 216.
224. 237. 239. 240. 241. 244. 245. 250. 253 262. 279. 280.
283. 284. 287. 295. 300. 302. 305. 308. 314. 315. 317. 318.
319. 320. 321. 324. 325. 329. 330. 332. .33.9 347. 355. 357.
365 367 ..370 373. 380. ..383 391 392. 405. 411. 415. 423.
424. 429. 430. 436. 448. 452 460. 461. 463. 464 465. 466.
467. 480. 484. 486. 488. 492. 493. 497. 498. 501. 508. 515.
510. 523. 524. 525. 527. 529. 537. 538. 541. 543. 547. 553
554. 558. 559. 561. 562. 564. 568. 569. 578. 579. 582. 583.
584. 586. 587. 595 596 600. 601. 602. 603. 628. 633. 634.
635. 642. 648. 649. 659. 662. 669. 676 ⁶71- 676 676- Μ-
683. 687. 691. 695. 696. 703.' a
725. 726. 728. 734. 738. 740.

768. 769. 770. 775. 776. 778.

 

